fast SVT_U 
i=100
t_SVT =

  207.6094

err =

  143.7428

i=200

t_SVT =

  806.2656


err =

  143.7761


i=300

t_SVT =

   4.1824e+03


err =

  139.9339

i=150

t_SVT =

  415.7344


err =

  143.8904


i=50

t_SVT =

   75.6094


err =

  134.8027


i=250
t_SVT =

   1.8198e+03


err =

  143.5565
